STAT;LAT;LONG;h;WEEK
AACR;9.93884993578608;-84.1179167757399;1123.94823601935;2250
AB21;51.8641481534392;-176.66264976713;59.4065268160775;2250
AB43;58.1988412566846;-136.640812818389;27.2241815309972;2250
ABCC;4.66123576423802;-74.126922303232;2576.19484638982;2250
ABEC;-1.26860408724358;-78.6276541144773;2773.6363364961;2250
ABMF;16.2623072147558;-61.5275351136742;-25.5658429395407;2250
ABPD;4.47656796216035;-74.0988681839429;2958.38822184596;2250
ABPW;4.6895708137403;-73.9951146383871;2837.08251835406;2228
ABRA;-22.722033686479;-65.697308459655;3530.09611655585;2090
AC24;58.6815694493371;-156.652757170334;36.3713859422132;2250
AC58;57.1560854494335;-170.21782067004;19.3767931228504;2247
ACSO;40.2323610271147;-82.9815341199213;248.153803235851;2250
ADIS;9.03513757813539;38.7663065178767;2439.11588704679;2147
AGCA;8.31504807060073;-73.5954183965986;200.861852667294;2245
AGGO;-34.8737064302607;-58.1398571571415;39.7039207145572;2250
ALAR;-9.74922192395738;-36.6534207466125;266.214938062243;2250
ALBE;7.76052023207233;-73.389435994258;132.450802695937;2250
ALBH;48.3897799715356;-123.487472245752;31.7677160771564;2190
ALEC;-2.20215407724934;-78.8474061701527;2383.65637126006;2250
ALGO;45.9558007401729;-78.0713719274182;200.957601389848;2250
ALMA;-9.55470886719594;-35.7771019766265;84.8252549888566;2250
ALTA;-43.8840974754502;-68.4135157177286;275.720254039392;2242
ALUM;-27.3234254364313;-66.5966283713428;2736.94584481698;2250
AM04;-4.59814676396196;-77.8636760718663;201.061399352737;2250
AMBC;-0.969286776389768;-62.9262790175359;34.8865340966731;2047
AMCO;-4.87198682559561;-65.3339795479123;75.9023030400276;2250
AMCR;-4.0858204389804;-63.142204340968;42.3805715693161;2250
AMHA;-7.51674708532688;-63.0284018686732;69.79638509918;2250
AMPR;-2.63122213214951;-56.7343365602047;9.78549306094646;2028
AMPT;-2.65423265676934;-56.748369779182;15.9039767840877;2250
AMTE;-3.34568786822973;-64.706650797735;45.8237393852323;2250
AMTG;-4.23051101124102;-69.9147196190967;98.1691559208557;2250
AMUA;-3.09183958116666;-60.0181576772007;27.4722382705659;2250
AN02;-9.12842463252558;-78.5297779511152;38.9790272414684;2250
ANDS;12.5863472229097;-81.7007293168801;16.2039995919913;2116
ANGO;-37.7958841673096;-72.6917109173658;93.5366412866861;2088
ANTC;-37.3386980364258;-71.5320638069632;745.617136068642;2250
ANTF;-23.7015252709296;-70.4200724707534;68.7152103651315;2250
AOML;25.7346915962163;-80.1621990657321;0.0951864747330546;1265
AP01;-13.6383642376351;-72.8781768598136;2419.07685787883;2250
APLJ;-0.821998883373063;-52.5155938723126;35.9753557872027;2250
APMA;0.0470374663030958;-51.0971367874499;-11.1704104458913;2250
APS1;-0.0595111055232737;-51.1664980421635;-12.7347749443725;2250
APSA;-0.0602556665297989;-51.1674704918178;-11.0465370249003;1878
APTO;7.8777887825001;-76.6323892117287;45.092287116684;2250
AQ01;-16.4214929401309;-71.5074911575133;2455.03994137608;2250
ARCA;7.08427744460523;-70.7585339220852;133.314179695211;2250
AREQ;-16.4655152209814;-71.4927956925211;2488.93337427173;2250
ARTU;56.4298224843656;58.5604637321437;247.569213455543;2190
ASC1;-7.95121328842899;-14.4120725166122;105.106418711133;1443
ASCG;-7.91628029030935;-14.3326648915561;37.9470402924344;2250
ASPA;-14.3260893325399;-170.722443726311;53.4572706818581;2250
ATW2;61.5977525633183;-149.132297396133;97.1277261590585;2250
AUTF;-54.8395231856182;-68.3035645472797;71.9271436873823;2250
AV09;53.8756316446574;-166.54183786978;105.723322704434;2250
AY02;-15.017057606883;-73.7812959101461;3224.06434672046;2250
AZUE;7.95568914398468;-80.4325128183041;55.159157326445;2190
AZUL;-36.7670204341953;-59.881281029672;158.291427168064;2250
BABJ;-13.2614571761883;-43.5470662545085;428.319781924598;2250
BABR;-12.15004029898;-44.9948959318646;443.067636760883;2250
BADG;51.7697043019911;102.234990047326;811.40831285622;2190
BAIL;-14.7966000171892;-39.1723860387285;44.6794751100242;2250
BAIR;-11.3056452115417;-41.8585201996203;723.909468351863;2104
BAIT;-12.5213445341357;-40.2886573637118;267.517458540387;2232
BAKE;64.3178193278524;-96.0023519017168;4.62680793739855;2250
BANS;8.61265214984104;-70.2386761234474;204.98799800314;1503
BAPA;-9.39014439961327;-38.2154629841021;245.142177641392;2250
BARI;15.8018444372903;-91.3148030729451;1461.27947970293;1863
BATF;-17.5548687955887;-39.7433453846879;108.816755948588;2234
BAVC;-14.8883096296572;-40.8027032694368;875.17985279765;2250
BCAR;-37.7612317807538;-58.301095851676;150.399653823115;2250
BCH1;-41.1467713217021;-71.2989128525502;886.421848406084;2250
BDOS;13.0879549160606;-59.6090960866529;-38.6314184591174;1770
BECE;9.70210020536123;-73.279261536208;120.766659558751;2250
BEJA;7.06063702055128;-73.8755913776449;93.460462057963;2240
BELE;-1.40879273811131;-48.4625505091398;9.05922804493457;2250
BEPA;-1.46080597635344;-48.4414078402096;-17.8379291500896;2250
BERR;6.49268558992414;-74.4103090919231;159.079031840898;2222
BFNY;42.8775573831304;-78.8904486014836;145.448785122484;2250
BHEC;-1.79796060373901;-79.5309792199004;55.9457806628197;2250
BJCO;6.38466676302783;2.45002454968421;30.69783441443;2216
BLPZ;-16.5298501211486;-68.1682816697765;4090.65696530696;2250
BNGA;7.10488974540286;-73.1237423616901;959.490169035271;2250
BOAV;2.84518488871777;-60.7011157511041;69.510834489949;2250
BOGA;4.63868335467774;-74.0799496362155;2609.71774147544;2250
BOGT;4.64007528665;-74.0809396343131;2576.20794467349;2250
BOMJ;-13.2555564506182;-43.4217358677267;419.390484279022;1882
BOR1;52.276958972065;17.073461412146;124.356341409497;2190
BOSC;9.96689257391602;-73.886227078804;85.5699061779305;2250
BQLA;11.0197106717664;-74.8496397524513;47.5387475611642;2250
BRAZ;-15.947472731732;-47.8778697890809;1106.00226163492;2250
BRBR;9.6200198233854;-82.8179334182873;44.8313116142526;2250
BREW;48.1315223480194;-119.682636826666;238.595646709204;2250
BRFT;-3.87744475538373;-38.4255380299471;21.6766777196899;2250
BRMU;32.3704000603453;-64.6962751480788;-11.6440239194781;2123
BSUC;-19.0062070490942;-65.3026191201896;2969.98866145685;2250
BUCA;7.11893498309577;-73.1192803358436;1005.55090859532;1530
BUE2;-34.5737005954982;-58.519299463209;48.6574029698968;1645
BUEN;3.88202478823857;-77.0104197051962;57.7549817599356;2250
CALI;3.37578864192887;-76.5325641587604;1027.48695802968;2240
CALL;-12.0628739339526;-77.1493182780529;33.820376208052;2005
CAM2;19.8444271161781;-90.5401657245179;12.1738283550367;1509
CAPO;10.3706034928002;-83.7269167169651;70.3048491021618;2250
CART;10.3913360317762;-75.5338516415805;4.02628757059574;2246
CASI;7.98884124946871;-75.2000330050217;69.1000564834103;2237
CATA;-28.4709836034892;-65.7741207999209;547.138743554242;2250
CATR;14.4628645485382;-89.7426445950596;688.279028151184;1884
CBMB;-17.4165901391762;-66.2588263029802;2620.3071738882;2250
CBSB;19.7120086325689;-79.8330516938148;-7.18909494113177;1786
CCJ2;27.0675329840119;142.195023691492;104.219134522602;2190
CCJM;27.0955831519377;142.18457774158;208.833050653338;1626
CEEC;-4.10092123695245;-79.9554524947675;2045.15844927542;2250
CEEU;-3.8775461558344;-38.4255414451505;21.7339421445504;2250
CEFE;-20.3107918834265;-40.3194557384533;14.2751494701952;2250
CEFT;-3.71080912008048;-38.472918666216;4.89463903661817;2250
CESB;-3.68126728786203;-40.3374876702372;56.802241797559;2250
CFAG;-31.6021667766866;-68.2326480777002;702.553323512897;1614
CHAC;-27.4204381613885;-58.9596934983884;77.9659896548837;2250
CHAT;-43.9557830610377;-176.565845827589;57.9703589593992;1678
CHEC;-0.339266543407643;-77.8144448182656;1643.65535245091;2250
CHEP;9.17055871501715;-79.1044921009957;37.3990407520905;2250
CHET;18.4952767765961;-88.299225905611;2.92835551314056;2250
CHIH;28.6621922378047;-106.086740632184;1413.17688417062;1879
CHIS;15.8122547989823;-90.2913551308416;241.978241242468;1873
CHLS;11.0313150766444;-84.7100572063631;51.3928805291653;2250
CHPI;-22.6871436733807;-44.985159089264;617.40506166406;2250
CHTI;-43.7354694201644;-176.617122764785;75.6724476357922;2250
CHUR;58.7590771810454;-94.0887334410269;-19.1914842845872;2250
CIC1;31.8706789878927;-116.665763091123;64.3204180849716;1562
CIQE;10.3225870545438;-84.4308910853314;680.649795498699;2250
CJ01;-7.14686113865614;-78.5093753030183;2731.04431236628;2250
CKIS;-21.2010214052436;-159.800621182399;18.4095569439232;2250
CLEC;-4.10305654398718;-79.9555548395734;2024.34241213184;1991
CN19;12.6118493744278;-70.0485002520308;-0.365494857542217;2250
CN30;11.9935516593219;-83.7720480796114;30.0529961278662;2019
CN39;10.2064805430257;-70.5236555846206;542.241157093085;2020
CN41;8.94345588358914;-68.0414957880358;81.2355918046087;2250
COCO;-12.188339078308;96.8339761055169;-35.3217169865966;2190
COEC;0.716068548847484;-77.7869850348297;3656.940313695;2250
COL2;19.244442114503;-103.701884385033;528.763971392065;2250
CONZ;-36.8437652323592;-73.0255156892949;180.599405615591;1839
COPO;-27.3845250479496;-70.3382343450357;479.085907639004;1856
CORD;-31.5284331545682;-64.4700489773257;746.831204923801;2250
CORU;-19.0002788259166;-57.6296153903178;156.602212224156;2250
COYQ;-45.5143397425749;-71.8920807040068;476.171178777702;2090
CPVG;16.7320637099413;-22.9349309632634;94.0545532051474;2250
CRAT;-7.23801607235262;-39.4156061775915;436.042603625916;2250
CRCS;10.5025307078552;-66.9135161159783;913.032413228415;1802
CRLP;9.95089067498697;-84.1250191385089;1084.35681299865;2250
CRO1;17.7569003022952;-64.5843179702842;-31.9707393804565;2250
CRUZ;-7.61116024441606;-72.6721107482551;236.001472683623;2250
CS01;-13.5242551683374;-71.9625948259194;3410.01995943766;2250
CSLO;-31.7848849774835;-69.302214149263;2638.83757473808;2250
CUCU;7.89846011973749;-72.4879392164589;311.158122755587;2250
CUEC;-2.88329573282961;-79.0024973952061;2631.1475460669;2250
CUIB;-15.5552604946192;-56.0698672072468;237.443656554446;2250
CULC;24.7950845896112;-107.412597930503;36.1253938926384;2250
CULI;24.7985521702714;-107.383942863155;75.3917882358655;1435
CUM3;10.428900561396;-64.195029154012;10.1210697349161;1802
CXEC;-0.935219162342478;-78.6148353690419;2808.4791161688;2250
CYNE;4.82195586636245;-52.3654149668079;-22.7440901640803;2250
DAEJ;36.3994270181565;127.374485130416;116.84646210447;2190
DARI;8.65838149583072;-78.1540779073817;36.3530278783292;2163
DARW;-12.8436956790339;131.132744933152;125.10226036422;2190
DAV1;-68.577323865133;77.972612008578;44.3870954886079;2190
DAVI;8.42547412046558;-82.4338014207889;67.2055468037724;2250
DGAR;-7.26968025958592;72.3702460917838;-64.9324108930305;2190
DORA;5.45384654433877;-74.663312866021;204.471242589876;2250
DPEC;-2.71397527750887;-80.3016879131459;24.1006300626323;2250
DRAO;49.3226174035188;-119.624985306602;541.88262616843;2190
DUBO;50.2588082792327;-95.8661850033811;245.281840401702;2250
EACH;-23.481547881523;-46.4996977896074;744.239879444242;2250
EBPT;7.59181587533205;-74.7914901941259;119.894318527542;2242
EBY1;-27.368952306368;-55.8921752101824;140.322881156579;2250
EBYP;-27.3689425212239;-55.89217494919;139.832944142632;2164
ECEC;-0.271843940506979;-79.4518713299237;284.684906799346;2250
EESC;-22.004946290879;-47.8991812528608;824.573832469061;2250
EISL;-27.1482092645573;-109.383289505077;114.510959581472;1307
ELEN;16.9160561282817;-89.8676144596474;118.125420683064;1884
EMIB;-16.5322262254387;-68.0817018362825;3411.35726668779;2250
EPEC;-0.314889412583185;-78.4463232102135;2522.96390290465;2250
EREC;-1.67117000206663;-78.6512209549699;2801.35400653444;2250
ESEC;0.892266698658343;-79.6197377684796;46.9610361009836;2250
ESMR;0.934649173431889;-79.7243718786446;251.699335333891;1878
ESNV;-18.7135125058692;-40.3777116832464;73.4307348225266;2250
ESQU;-42.9171119339284;-71.3234013728406;589.434134189039;2250
ESTI;13.0995359514412;-86.3621275739366;852.663759947754;1207
ETCG;9.99948459272595;-84.1058960878061;1193.61119348556;2078
EUR2;79.988945780886;-85.937610469667;29.0675682015717;2250
EXU0;23.5640495097287;-75.8734024020797;-20.068269838579;1855
FAIR;64.9779953203319;-147.499242157552;319.045463697053;2250
FALK;-51.6936505346527;-57.8740673261001;50.8175120884553;2250
FLF1;25.6153500289446;-80.3860926460292;-22.0829519238323;2236
FLIN;54.7255830106052;-101.978039029136;311.525094571523;2250
FLOR;1.62026334700062;-75.6045022326994;314.230284145102;1779
FOEC;-0.463318117583858;-76.989915881086;286.346445389092;2250
FORT;-3.87744497611273;-38.4256126903273;19.4562303954735;1369
FQNE;5.46734510878554;-73.7348084827881;2602.04279987328;2197
GALA;-0.742695171091352;-90.3036193614734;7.43043591361493;1191
GARA;5.0813347062721;-73.3600376313685;1750.93093562406;2250
GCGT;19.2929486282811;-81.379447441308;8.4251818722114;1663
GLPS;-0.742997707564604;-90.3036639326704;1.77582504134625;2250
GLSV;50.3641847101869;30.4967376484384;226.315118049271;2190
GODE;39.0217282325783;-76.8268332319788;14.4781239256263;2250
GOGY;-16.6647257727191;-49.2546738323385;734.196034997702;2250
GOJA;-17.8832762892442;-51.7261097074119;755.306842765771;2250
GOL2;35.425155375367;-116.889252893454;986.635900631547;2250
GOLD;35.4251553795085;-116.889252914537;986.638946519233;2250
GOUG;-40.3488309076265;-9.88071345919786;81.2692495463416;1915
GOUR;-14.5092230173582;-49.1435850908764;516.859578398988;2250
GQEC;-2.16738489418326;-79.8786768805827;27.283439623192;2250
GRAS;43.7547402685498;6.92057753441672;1319.30183548946;2190
GRAZ;47.0671323710369;15.4934851393531;538.285593241453;2190
GRE0;12.2217844635797;-61.6404532039858;16.6591204619035;1889
GRE1;12.2217556025652;-61.6404468714207;16.2834366979077;2139
GTK0;21.4327888354879;-71.1445923622517;-31.091950148344;1815
GUAM;13.5893300297312;144.868359995233;201.928951757029;2172
GUAT;14.5904044354357;-90.5201823218889;1519.84433814045;2193
GUAX;28.884062408087;-118.289691015554;40.4621439818293;2250
GUAY;-31.8691287565475;-59.0262235146494;70.6439407616854;2250
GUEC;-2.27166312737411;-79.9039849110676;32.4045902034268;2121
GVA1;-18.8556044406176;-41.957620118908;178.583754480816;2250
GVAL;-18.8556053074278;-41.9576196808558;178.641241323203;1787
GYEC;-2.14935631820735;-79.8918648304124;35.1701912647113;1811
GZEC;-3.40119357602874;-78.5810673349911;883.928676822223;2250
HARB;-25.8869601208784;27.7072475707147;1558.08704192098;2190
HC03;-9.93264973723736;-76.2354661313848;1927.88677445054;2250
HER2;29.0925461667897;-110.967216419138;186.948791468516;2003
HERS;50.867316367454;0.336275524030626;76.4688200131059;2190
HLFX;44.6835509079811;-63.6112831366099;3.06953624635935;2250
HNLC;21.303293513439;-157.864555774661;21.9630849026144;2190
HOB2;-42.8047042412796;147.438737387701;41.0360855609179;2190
HOLM;70.73630273154;-117.761241463611;0.4681431427598;1978
HRAO;-25.8901020987066;27.6869835592555;1414.15685067978;2190
HUEH;15.318142370776;-91.5026926729921;1878.16943926737;1860
HV01;-12.7865070890213;-74.9677359946416;3720.70345503278;2250
IACR;-18.4797474457761;-70.3328516910508;46.04271984566;2250
IBAG;4.42804662147231;-75.214723430607;1216.0787923187;2249
IBEC;0.350158135958009;-78.115686737857;2246.19706053566;2250
IC01;-14.0752711091506;-75.734909295136;441.948834664188;2250
ICAM;19.8534574219842;-90.5274738523913;2.57095746416599;2250
ICEC;-0.907337901434594;-89.6039506832625;51.5636763023213;2250
ICEP;19.0330229981543;-98.1875981952419;2150.2576849265;2250
IDGO;24.0674524117675;-104.607079792636;1863.08984011598;2250
IFSC;-27.5944306820304;-48.5420841394999;26.4819731768221;2250
IGM0;-34.5721976573774;-58.4393663310782;48.7956125037745;1251
IGM1;-34.5722420290111;-58.4393200394967;50.7123913979158;2250
IGN1;8.98488716947499;-79.5357530338353;47.5934602255002;2250
IISC;13.0211712951393;77.57038254722;843.666672924533;2190
ILHA;-20.4277821242364;-51.3433854500662;375.047722371295;2250
IMBT;-28.234836962922;-48.655722100628;31.3750987388194;2198
IMPZ;-5.49176355628283;-47.4972354206429;104.969552665949;2250
INEG;21.8561532696423;-102.28420473542;1887.23085481953;2250
INVK;68.3061827467282;-133.526966070533;46.3229598933831;2250
IPAZ;24.1452747016093;-110.330750661695;-14.8445666329935;2250
IQAL;63.7559647536389;-68.5105025872692;91.7300471980125;2250
IQQE;-20.2735391176741;-70.1317171544131;38.9749418171123;2250
IQUI;-3.76734473099579;-73.2687090086018;122.133966543712;1977
IRKM;52.2190231930436;104.316246669444;502.330600778572;2190
ISCO;5.54434890530032;-87.0558270319009;10.3440290139988;2089
ISPA;-27.1249835716281;-109.344402274137;112.486546020955;2035
ITAI;-25.4206758510756;-54.5882937222842;183.61415517889;2250
ITAM;-3.12536868368979;-58.431065184868;12.5967962313443;2016
JAMA;17.9390233912725;-76.7808719345712;-2.95722289197147;1440
JAMG;-15.3627040529316;-43.7668523697739;475.244705580175;2140
JBAL;-27.5844066394326;-65.6227492206924;409.177301891148;2250
JNEC;-1.55242186210117;-80.4251427396395;147.058564580046;2250
JPLM;34.2048220726364;-118.173233194455;423.982657167129;2250
JU03;-11.056632911526;-75.3277912821202;830.386924124323;2247
KAT1;-14.3759943762511;132.153277410465;184.293170027435;2190
KELY;66.9874199070537;-50.9448438886676;229.874917199835;2003
KERG;-49.3514672812894;70.2555233626581;73.0091655971482;2190
KIRU;67.8573537970635;20.9684539312667;391.075824966654;2190
KOKB;22.1262684565593;-159.664938884181;1167.35743269138;2250
KOUG;5.09847215542773;-52.6397506652563;107.250048118643;2250
KOUR;5.25218326028616;-52.8059603517917;-25.7640912700444;2250
KSU1;39.1007498484722;-96.6094830851193;325.571931390092;2250
KUJ2;55.2900075186773;-77.7352729358774;8.68158121500164;2243
KYW1;24.5822726010401;-81.6530332029868;-13.796814782545;1448
LAEC;0.0828978003127381;-76.8735661942337;324.353317744099;2250
LAUT;-17.6088088047071;177.446582522646;89.6658828482032;2190
LB01;-6.7789339307286;-79.8712126201372;42.5606973906979;2250
LBRA;10.630958084883;-85.4379809150979;160.258429237641;2250
LCRZ;11.0785967670132;-85.6299784330288;247.149706291035;2250
LETA;-4.21417814979643;-69.9429705134735;106.764611561783;2190
LHAS;29.6573410239252;91.103991308319;3624.65058970079;1412
LHAZ;29.6573343824553;91.1040335878793;3624.6120092934;2190
LHCL;-38.0026575071475;-65.5952492224579;404.5605441425;2250
LI01;-12.1030161149051;-77.0169388772049;157.663451245055;2250
LIBE;10.6306138310039;-85.437882196883;163.833270886913;2212
LIMN;9.99309289842232;-83.0263668304075;25.0492540337145;2250
LIPA;6.78787433779328;-71.0252744598696;129.442112260498;2203
LJEC;-3.98825941688725;-79.1985379835421;2143.51548727322;2250
LMMF;14.5948182272357;-60.9961751845198;-27.1222595497966;2250
LPAZ;24.1387990458549;-110.319349808396;-6.85507219377905;1668
LPGS;-34.9067433732904;-57.9323002078319;29.8763362001628;2250
LR01;-3.76986638657874;-73.267612401394;123.972925430164;2250
LROS;-32.4754712282796;-61.578341496469;128.762588772923;2250
MA01;-38.9510467886914;-68.0573538472864;323.433341960423;1994
MABA;-5.36237604844976;-49.122298479313;79.8024961417541;2250
MABB;-4.24095660246586;-44.8157233577446;6.58568717911839;2250
MABS;-7.53381254594423;-46.0397179287335;226.856322795153;2221
MAC1;-54.4995259528938;158.935828997066;-6.82166513428092;2190
MAEC;-2.30460789100315;-78.1180161902712;1060.39254011307;2250
MAGA;9.23984979016294;-74.7598035130454;24.6171895312145;1780
MAL2;-2.99605278642361;40.1941467915346;-20.9176227841526;2190
MANA;12.1489398810608;-86.2489927775837;71.0120553066954;2250
MAPA;0.0466876654539496;-51.0973373129879;-4.21860648784786;1932
MARA;10.6739799343054;-71.6244298401116;28.3753422563896;1812
MAS1;27.7637441451897;-15.6332726345603;197.131894888356;2250
MATE;40.6491346080628;16.7044641529477;535.649545465596;2190
MAUI;20.7066597689585;-156.25703417381;3062.09233236872;2190
MAW1;-67.6047669273929;62.8707137975039;59.1170264035463;2190
MBAR;-0.601466610838164;30.7378795966303;1337.53710581642;2190
MBIO;-64.240390068713;-56.6227272525796;221.549531124532;2250
MCL1;-16.7203930695186;-43.8813168341716;656.491578837857;1995
MCLA;-16.7203934945446;-43.8813166716113;656.536931322888;1787
MCM4;-77.8383511085162;166.669335358009;97.9699641987681;2190
MD01;-12.5933509781012;-69.1858731138552;232.716076694429;2250
MDO1;30.6805102474489;-104.014995403135;2004.46733270399;2250
MDVJ;56.0214941032175;37.2145101653117;257.093189298175;2190
MECO;-29.1848853995426;-58.0758457801936;116.528393656947;2250
MEDE;6.19940627966953;-75.5789161613806;1553.4518630309;2250
MEDI;44.5199600039796;11.6468196099908;49.9892238592729;2190
MERI;20.9800453747271;-89.6203187124463;7.85763513296843;2250
METS;60.2174741465184;24.3953264192192;94.6645327145234;2190
MEXI;32.6329914526227;-115.475706431205;-22.4288519481197;2250
MGBH;-19.9418982644109;-43.9248978324812;974.846421872266;2250
MGIN;-22.3185594047588;-46.328024812301;883.700561990961;2250
MGJF;-21.7768300911375;-43.3725786775505;921.344562360086;2250
MGJP;-19.8519831644011;-43.9650898986581;831.786140969954;2250
MGLA;-21.2290619331911;-44.9748997816884;925.924640658312;2250
MGMC;-16.7163894739523;-43.8583174173559;618.166694368236;2250
MGMT;-18.7241008929719;-47.523795851527;912.468995224684;2250
MGRP;-19.2098580142788;-46.1325526289207;1123.46135707293;2250
MGTO;-17.88399402841;-41.4984772557625;390.548772736453;2250
MGUB;-18.9191607242137;-48.2560501262145;869.233076187782;2250
MGUE;-35.7773494386565;-69.3979287250903;1553.74010011461;2250
MGV1;-21.5426202417384;-45.434993923809;957.177083583549;2250
MGVA;-21.5426212016611;-45.4349935079481;957.231096413918;1763
MHEC;-3.2607964917515;-79.9573140257159;54.843025171198;2250
MIMQ;46.545547914674;-87.3787000636412;155.109850053675;2250
MIZU;39.135151543242;141.132870361467;117.099299868569;2190
MKEA;19.8013594685763;-155.45635101123;3754.64226381294;2250
MOBS;-37.8294020703196;144.975341499882;40.5661225803196;2190
MONP;32.8919423666863;-116.422355944213;1842.52857684251;2250
MOTE;8.79196636248501;-75.8606674809017;33.1757132383063;2189
MPL2;-38.0057654692646;-57.5712980111238;53.593403711915;2250
MPLA;-38.0356032178387;-57.5311419700845;20.1197198471054;1465
MRLS;15.4622492590909;-88.8497323379705;46.3173637650907;1987
MSAQ;-20.4529407529478;-55.671165403476;188.112551242113;2250
MSBL;-22.1068855393858;-56.5309430535797;207.75357537251;2250
MSCB;-18.988664817012;-56.6168908231032;113.94065806549;2029
MSCG;-20.4408982939782;-54.5407032120096;676.480597987771;2149
MSDR;-22.1941037116242;-54.9304025746909;478.614609496668;2250
MSGR;-20.445364732126;-54.7234061260808;532.618072491139;2250
MSJR;-21.498444228641;-56.1589805918361;289.768502778374;2250
MSMJ;-21.6182063410948;-55.1379570102525;361.951247624122;2250
MSMN;-23.923539995165;-54.2865852121691;325.494036700577;2250
MSNV;-23.0220383496658;-54.1920677972993;381.677243955433;2228
MSPM;-21.6976888961906;-57.8840224413914;97.3325635613874;2250
MSPP;-22.6216220356836;-55.6088544544807;648.182771261781;2250
MTBA;-15.8899692729956;-52.2647321085552;322.833233773708;1923
MTCA;-16.1304655140166;-57.6908400003294;147.336314446293;2244
MTCN;-13.555824238324;-52.2713573978485;423.206943642348;2248
MTCO;-10.8038629694256;-55.456263770127;307.22071025148;2062
MTEC;-2.06911262674764;-76.9823743355317;300.683463559486;2250
MTGA;-15.8752875474612;-52.3120718174638;340.321409543976;2250
MTIT;-17.2182630954279;-54.1495406165561;534.520815985277;2162
MTJI;-11.4487421993137;-58.7235853421165;328.276257094927;2250
MTLA;-15.2282797122021;-59.3504692581426;267.638598789461;2250
MTLE;-15.553763587075;-54.2824672878394;627.61095094122;2245
MTNM;-13.7948367320392;-56.0563206841966;433.407671908848;2102
MTNX;-14.697530595112;-52.3492090671389;299.014800725505;2216
MTSC;-16.6875264401704;-56.1743324026992;132.205888629891;2250
MTSF;-11.6192781591439;-50.663507452537;181.85517203249;2024
MTSR;-12.5452322445055;-55.727413761799;391.661827147007;2250
MTV1;-34.9135885162136;-56.1763015733107;40.7412782907486;2250
MTVB;-15.0064250897788;-59.9515558619236;219.641405221075;1879
MTY2;25.7155060417266;-100.312907697034;521.753776981495;2250
MUEC;0.604640418903253;-80.0237605864637;19.0068686464801;2250
MZAC;-32.8951512295179;-68.8755748101623;859.905648757704;2250
MZAE;-33.2548419221509;-68.1500630023059;635.751238798723;2250
MZAL;-32.7207133576552;-68.5952243374502;635.5506170718;2250
MZAS;-34.6149027338955;-68.3345178194299;729.378199330531;1607
MZAU;-33.7359555410379;-69.1184159464113;1057.01899422612;2250
MZGA;-34.9784323361235;-67.6961692952829;504.308418465778;2250
MZRF;-34.6123763747992;-68.3314880236703;730.186599143781;2250
MZSR;-34.6154701284884;-68.3343141709086;730.591070699506;1921
NAMA;19.2114268227884;42.0446493518302;2703.10841676313;1829
NARA;17.2267617919354;-90.8100018888324;73.3847589092329;1884
NAS0;25.0525395271967;-77.462257628074;-21.2579757589847;2204
NAUR;-0.551726827680153;166.925541657553;46.2351302858442;2088
NAUS;-3.02291716753626;-60.0550172973881;93.881451131776;2250
NEIA;-25.020236744159;-47.9249691972587;6.07393351662904;2250
NEIL;8.64435506868453;-82.9443887316737;66.5338708460331;2250
NESA;-40.1053910518275;-64.4540059682662;83.102862322703;2250
NEVA;2.93730225569746;-75.2930315916736;472.686764113605;2231
NIST;39.995066325619;-105.262607179792;1648.35955211427;2250
NJEC;-2.67516120986204;-79.6208488807065;51.3426034990698;2250
NKLG;0.353909617299964;9.67212870959955;31.4854752449319;2250
NLIB;41.7715908175866;-91.5748986955863;206.957849875093;2250
NOT1;36.8758474181966;14.9897913863836;126.319411070086;2190
NRIL;69.3618330136619;88.3597903202217;47.9381666248664;2190
NYA1;78.9295570260096;11.8653176352485;84.3858693484217;2190
NYAL;78.9295869742869;11.865094447134;78.657873515971;2190
NYCO;10.1440074869296;-85.4550111111574;155.566998652183;2250
OAFA;-31.5086816216248;-68.6232691301867;727.377781556919;2250
OAX2;17.0783393691714;-96.7167403768534;1607.24756689928;2250
OBRA;-27.4736110620462;-55.1302824488765;284.682147839107;2250
OHI2;-63.3210795140585;-57.9013271299682;32.5059075234458;2250
OHI3;-63.3210909235951;-57.9013804520904;32.6475005932152;2243
OHIG;-63.3207229948199;-57.9003395258044;30.6702317930758;1154
ONEC;-0.697348831103903;-80.1015068081831;41.1061581876129;2245
ONRJ;-22.8956980028079;-43.2243324909831;35.619443051517;2250
ONSA;57.3953011486457;11.9255222200978;45.6253148876131;2190
OSOR;-40.597244277117;-73.1036176581208;84.3894464969635;2128
OURI;-22.9491719261211;-49.8950414176865;444.821052526124;1939
P012;38.0974318751049;-109.33383833715;1788.48470203858;2250
P043;43.8811449158408;-104.185705854468;1490.92212918401;2250
P051;45.8066000531518;-108.546148022104;1081.07876060158;2250
P053;48.7260791115474;-107.725422871041;814.967043364421;2250
P389;43.8119912265051;-120.603363777862;1397.43586296029;2250
P777;35.7026598982015;-92.5454746063613;335.371725167148;2250
P802;46.5575512939605;-100.623413398408;572.350428139791;2250
PAAR;-3.21167427623257;-52.2127637120912;94.1450345842168;2250
PAAT;-3.20098106378781;-52.1813079789251;162.542375278659;1966
PAEC;0.0724163882031296;-80.0416375696313;52.1447117533535;2247
PAIT;-4.28765411939427;-56.0363565565049;9.18282566405833;2250
PALM;-64.7750884083917;-64.0511175649891;31.1125261476263;2250
PAMP;7.38418437969461;-72.6477799486097;2366.61795026064;2250
PARA;-25.4483677639579;-49.2309550240516;925.752739681862;1426
PARC;-53.1369528914857;-70.8798809564051;22.2831532908604;2250
PASM;-2.42796556000749;-54.7289018582478;24.0552526768297;2250
PBCG;-7.21367522161592;-35.9071386127977;534.101746465079;2250
PBJP;-7.1362753443236;-34.873424879168;49.0534381484613;2250
PBPT;-7.0748904017244;-37.2863139218255;257.782227869146;2250
PDE3;-47.75662530045;-65.89938058805;21.9259696463123;2250
PDEL;37.7477520510618;-25.6627609212845;110.585670506582;2250
PDES;-47.7535936566421;-65.9146779078603;18.0003961734474;1437
PEAF;-7.76410936811152;-37.6319559452693;533.001101368107;2250
PEJO;-35.8063229188099;-61.8946396138354;110.168341682293;2250
PELU;-39.5026360489976;-62.6831118849556;34.6679066838697;2250
PEPE;-9.38441558219083;-40.5061245701439;369.083610722795;2250
PERA;4.79249775910046;-75.6895091892345;1496.72903290577;2240
PERC;-8.05879836139655;-34.9503856312927;12.251507775858;2250
PERT;-31.8019568791916;115.885257726381;12.6661032214761;2190
PI01;-5.17994192269754;-80.6277691747139;52.1754140593112;2250
PICR;-10.4301868046618;-45.1732048026082;443.608417889103;2250
PIE1;34.3015048509008;-108.118929688478;2347.71791003365;2250
PIEC;0.39560149849726;-77.9395801167754;2149.87377814762;2250
PIFL;-6.7881249261294;-43.0411571480233;109.509343478829;2243
PIN1;33.612157052331;-116.45816475011;1256.18464393448;2190
PISR;-9.0306907768769;-42.7027597891174;366.782122470438;2250
PITN;-5.10247893872293;-42.7930300609154;67.9694310668856;2250
PJEC;-1.55240237395082;-80.425195925132;146.709856035188;1913
PJMZ;8.53721720561333;-83.3135206255421;24.7874479815364;2250
PLEC;-4.65078191061471;-79.1317547505264;1173.29454535898;2250
PMB1;5.82816286401974;-55.1448643121694;-29.3866998879239;2250
PMEC;8.48827256872668;-80.3287398928703;87.7314971406013;2250
POAL;-30.0740399102685;-51.1197654535411;76.7483128262684;2250
POEC;-1.04375544347773;-80.4541480242742;85.5197671009228;2250
POL2;42.6797707606674;74.6942707771024;1714.20913780481;2190
POLI;-23.5556451709699;-46.7303127043726;730.625132666901;2250
POPA;2.44311566685087;-76.6012055761895;1782.17999191675;2250
POTS;52.3792997169089;13.0660961223377;144.426046759821;2190
POVE;-8.70933411968023;-63.8963203716602;119.578577117994;2250
PPTE;-22.119902166746;-51.4085346587054;431.037669135258;2250
PRCV;-24.962752031209;-53.4663299822083;777.329358320683;2239
PRDS;50.8713499815112;-114.293500630911;1247.96015205607;2250
PREC;-1.70781722780425;-77.9633140622518;904.284028435126;2250
PRGU;-25.3839958004869;-51.4875786243646;1043.137770392;2250
PRMA;-23.4096856315832;-51.9384249425924;543.32063666638;2250
PRNA;-31.7814341639744;-60.4694399403418;92.3985131094232;2250
PRUR;-23.8060818801006;-53.3206614897857;475.276859113947;2250
PSTO;1.21171288302281;-77.2770803694856;2569.08555641584;2250
PTEC;-1.05803761385913;-80.4745613552554;63.4437296753749;1880
PU02;-15.5143757271622;-70.1793806963194;3880.62159889285;2250
PUAR;8.31043461496513;-82.8304083734222;35.2591657219455;2229
PUNT;9.97987955911076;-84.8321346658537;23.6669408082962;2250
PUR3;18.462976910962;-67.0669571547899;89.5478960452601;1419
PY01;-25.2857978164093;-57.6423444520788;151.221720743924;2245
QAQ1;60.7152656244011;-46.0477683625748;110.48661127314;2250
QUEM;-0.237049842169625;-78.4973499773625;3054.6492719762;2250
QUEP;9.42458493508457;-84.1683103078036;20.3393083866686;2250
QUI1;-0.215155338877458;-78.4936082928266;2922.45176634658;2250
QUI3;-0.139578640532262;-78.4672798689431;2927.46974186692;2250
QUIB;5.6996388858931;-76.656729762703;58.1134648732841;2245
QUIN;39.9745534575172;-120.944432446995;1105.75974285882;2250
QVEC;-1.01225400593333;-79.4695706563359;115.318649030291;2250
RDEO;-18.9016192547769;-66.7681151028101;3776.34619191568;2002
RDSD;18.4613984498471;-69.9113226168932;-9.20615915209055;2250
RECF;-8.05096168683661;-34.9515170668183;20.117452705279;1989
RECO;-29.1463568765262;-59.6644298948689;76.3899780679494;2250
REUN;-21.2082238693907;55.5717228671748;1558.34962168895;2190
RIDC;9.91968571356444;-84.049071522025;1212.19224213995;2250
RIGA;56.9486217076298;24.0587794465068;34.7300554327667;2190
RIO2;-53.7854699820179;-67.7511172331763;32.0363176623359;2250
RIOB;-9.96545659569922;-67.802812223198;172.612024543807;2250
RIOD;-22.8178422273776;-43.3062773138117;8.62491892557591;2057
RIOG;-53.7854717573517;-67.7511178931751;32.0357195213437;1416
RIOH;11.5132180082698;-72.8697005890182;12.5038761245087;2245
RIOP;-1.65059417607028;-78.6511072454177;2817.16252241656;2250
RJCG;-21.7648631808684;-41.3261566716878;9.92205997277051;2250
RJNI;-22.9059332575838;-43.1338048851287;22.394950138405;2250
RJVA;-22.4022083926121;-43.6518635993294;444.957155019045;2250
RNMO;-5.20423129020085;-37.325465479592;23.3504724642262;2215
RNNA;-5.8361380438481;-35.2077087171222;45.9557713847607;2250
RNPF;-6.13176462682337;-38.2068291225214;224.254817629233;2250
ROCD;-13.122274406146;-60.5439109661254;451.697815125808;2055
ROGM;-10.7842410200176;-65.3306079544565;157.77178169135;2117
ROJI;-10.8638983315665;-61.9597161015315;182.899248573929;2250
ROSA;-22.523301257957;-52.9520891081066;299.675476245582;2250
RSAL;-29.7894429494542;-55.76884046992;117.186446880922;2250
RSCL;-28.1418778358639;-54.7547599847579;280.914549672976;2250
RSPE;-31.8024470125121;-52.4176292812086;37.1019309340045;2250
RSPF;-28.2281372828519;-52.390620946998;710.71566637978;2250
RSSL;-29.7929923295298;-51.1524229885775;81.2146948613226;2250
RUBI;3.79340585501266;-71.4237683328456;206.39193619974;2250
RWSN;-43.2988785178075;-65.1072482339492;27.4443205520511;2250
SAGA;-0.143852039639023;-67.057781790772;94.9050052780658;2250
SAGE;9.37313965779526;-83.7042535013504;723.178134988993;2250
SALU;-2.59345683825629;-44.2124797730175;18.9733906686306;2250
SALV;-13.0086689482191;-38.5123594023188;35.7393921101466;1492
SAMA;11.2252490783608;-74.1870919464504;22.6442331913859;2250
SANT;-33.1502869568995;-70.668554850628;723.135258592665;2250
SAVO;-12.9392441842392;-38.4322546105614;76.3078119400889;2250
SCAQ;-26.3937542218229;-48.7374415145699;17.2591802245006;2250
SCCA;-26.779725202619;-51.0393139242482;969.171464193612;2250
SCCH;-27.1375631750605;-52.5995074684923;744.214410662651;2250
SCEC;-0.902687812249451;-89.6149827773275;7.91154341213405;1968
SCFL;-27.5993769314472;-48.5195345650478;17.0564369522035;2250
SCH2;54.8320908015588;-66.8326212574258;498.39593152795;2250
SCIM;-28.2366433021717;-48.6553115699374;21.9655125923455;2250
SCLA;-27.7928331802287;-50.3042621116325;940.695601338521;2250
SCOR;70.4853368427543;-21.9503414716386;128.543284900486;2250
SCRZ;-17.7967898240022;-63.1596740341987;442.052599696442;2250
SCUB;20.0120640664227;-75.7623172446345;20.9103912934661;2250
SDTA;8.08345572593577;-72.8022857588385;310.858973409981;2250
SEAJ;-10.9296301987752;-37.1042787982362;1.60756955482066;2250
SEEC;-2.21962990433582;-80.9039914241361;29.7254313891754;2250
SG27;71.3228915807066;-156.610334507176;9.36030950117856;2250
SGPO;36.6041838696638;-97.4848217265946;290.161340331659;2250
SICO;-40.5834818395845;-67.7589850588847;681.679749412462;2250
SIEC;-3.27450359219007;-79.3149872823869;1657.83585925587;2250
SINC;9.31559242599708;-75.3876829114384;201.243198805489;2244
SJNE;9.95673476040687;-75.0749959646955;176.758371025324;2244
SJRP;-20.7855163962651;-49.3599513914717;535.898161880672;2250
SJSP;-23.2071298090912;-45.8617386805524;605.055400329642;2250
SL01;-33.1563555604191;-66.3140112217774;864.775434525684;2250
SM01;-6.02204499190164;-76.9880520650239;884.946485912427;2250
SMAR;-29.7189214666776;-53.7165937864457;113.108378683217;2250
SMDM;-35.4411369648271;-58.8043500602953;51.7432314408943;2250
SMRT;18.0422675781663;-63.1088683528229;-32.4867892619222;1913
SNLR;1.29251666764071;-78.8470046690612;23.0958768296987;2249
SNSN;5.71507164264211;-75.3083337268536;2550.72153660282;2250
SOCB;5.99669334824315;-72.6985254516657;2692.32426103111;2250
SONE;9.72813094615613;-75.5249393626588;23.9543915055692;2250
SPAR;-21.1846635424284;-50.4397889150009;410.310167856514;2250
SPBO;-22.8524648316553;-48.4323012015245;803.094622101635;2250
SPBP;-22.9255854649173;-46.5344709145946;893.69167748373;2250
SPC1;-22.8162836264245;-47.0626941048606;622.986449213699;2250
SPCA;-22.8162845178592;-47.0626938636778;622.956939356402;1828
SPDR;-21.4616018621302;-51.5542581750848;368.988574270159;2250
SPFE;-20.2628726201336;-50.2286960306533;496.106412706897;2250
SPFR;-20.5105708472879;-47.3866425798844;1030.94329478964;2250
SPJA;-21.2410707121968;-48.2867036237719;570.158314212225;2250
SPLI;-21.6652015786096;-49.7336958206275;463.246630067006;2250
SPOR;-22.9991673839772;-49.8432887955173;507.95345826447;2250
SPPI;-22.7030470388587;-47.6236210857473;561.836506453343;2029
SPRZ;-63.3951195611861;-56.9958579843893;27.7344447653741;2250
SPS1;-23.4791888205567;-47.4168360377264;633.785032087006;2250
SPTU;-21.9291151920538;-50.492370397798;508.7741709603;2250
SRLP;-36.6214976319833;-64.280406238688;223.871796824969;2250
SRNW;5.94508501465083;-56.9919300887215;-18.5440705530345;1860
SRZN;5.4556450098399;-55.2030769081657;-17.1862214272842;2250
SSA1;-12.9751556838071;-38.5164856659599;-2.11735624354333;2250
SSIA;13.6970856449724;-89.1165943654771;626.630135352723;2250
STEC;-3.05076374470491;-78.0104642739708;321.749366471544;2195
STHL;-15.9425319463268;-5.66734296886932;453.152038875036;2250
STJO;47.595242028531;-52.677753130467;152.821976792999;2250
STR1;-35.3155248521106;149.010055920973;799.916222212836;2190
STR2;-35.3161525204339;149.010158054032;802.459705866873;2190
SUAN;10.3403776267724;-74.879941922217;0.524066387675703;2250
SUES;2.94471736265341;-76.7068553658349;1183.07486604434;2242
SUTH;-32.3802074130182;20.810466012386;1799.77351669595;2250
SVIC;-26.993712115413;-54.4875210107169;553.238963231444;2250
SVTL;60.5328638996098;29.7808815599761;76.7129239430651;2190
SYOG;-69.006956837991;39.5837418208285;49.9905897742137;2190
TAMP;22.2783204855886;-97.864028600917;21.0396372210234;2250
TARZ;7.57178620185881;-75.4072483707984;198.721172827296;2242
TAXI;14.0347872834683;-90.4652813013398;47.2573994789273;1845
TC01;-18.0044697914577;-70.2567771464275;604.579614012502;2250
TEG2;14.0900742155177;-87.2056436768736;951.326135876589;2250
TEJA;-39.8054497659195;-73.2528410973378;40.1616824893281;2250
TERO;-27.7891435180196;-64.2567807388644;221.921649758704;2250
TGTA;-28.0672155205033;-67.5660366487598;1241.57391426619;2250
THTI;-17.5770563683094;-149.606459888447;98.0313576096669;2250
THU2;76.5370483409626;-68.8250524657641;36.2348554842174;2250
THU3;76.5370481737544;-68.8250490133502;36.2124042976648;2037
TIDB;-35.3991961468847;148.980001673135;665.31575205829;2190
TMG2;40.1299590803533;-105.233070247103;1669.11434609909;2250
TNCU;28.4505542420228;-106.794050270391;2106.95241540391;2245
TNEC;-0.990018410308034;-77.8164174956567;546.956836104393;2250
TOGU;-11.7467036000394;-49.0490993064674;272.57926260028;2250
TOL2;19.2932338185708;-99.6434732532579;2651.71994745918;2250
TOPL;-10.1710509159859;-48.3306799191398;256.530620769598;2250
TOSF;-29.2319575165937;-61.7702125799065;100.832308922894;2250
TPEC;-0.789773255246544;-75.5270473311123;214.094211790711;2250
TRO1;69.6627204663342;18.9396530261781;138.132787537761;2190
TSEC;-2.38132218297213;-77.5025249091282;453.149832223542;2250
TUCU;-26.8432535896809;-65.2303514304773;484.985658063553;2250
TUMA;1.82227547013974;-78.730412243199;25.8212070101872;2226
TUNA;5.53133060235378;-73.3638819068005;2831.83399901912;2247
UBA1;-23.500174394687;-45.1189023000732;6.161491968669;2250
UBAT;-23.5001759146642;-45.1189017611934;6.04912384878844;1548
UBE1;-18.8895236936921;-48.3169509640357;785.587801785208;2211
UBER;-18.8895342932502;-48.3169718958802;791.798798288219;1763
UC01;-8.38387326684109;-74.5311817479225;182.815584721975;2239
UCLU;48.925636713333;-125.541641474464;10.0886216601357;2250
UCOR;-31.4349584947583;-64.1935064130369;462.791582453996;2250
UCRI;9.93618268857275;-84.0519599853769;1233.89145047963;2250
UEPP;-22.1199040382272;-51.4085340896365;430.941922713071;1352
UFPR;-25.4483660244203;-49.2309555798728;925.79107600078;2250
UGTO;21.0027090281591;-101.271665655467;2062.30387332197;2250
UNPA;-51.6479904742537;-69.208653447605;34.9677466750145;2250
UNRO;-32.9593513456534;-60.6284259356335;66.899049308151;2250
UNSA;-24.7274545335516;-65.4076431247566;1257.79943778552;2250
UNSJ;-31.5412560061444;-68.5770610517565;708.936640938744;2250
URUM;43.8079499448384;87.6006725658819;858.826197420247;2190
URUS;-17.9527995331289;-67.1143878190524;3767.31314232014;2127
USCL;-33.4498531019298;-70.6813444321002;570.207413357683;2250
USLP;22.1442328067325;-101.015669301025;1892.84209685028;1912
USMX;29.8216529662791;-109.681051460248;625.464374045841;2250
USNO;38.918963158508;-77.0662268041685;48.8585931798443;1836
UTQI;71.3227538726697;-156.615017067524;12.0532363886014;2250
UYAR;-30.4117456622955;-56.4906816950321;146.456742347218;2250
UYBA;-62.1844959612462;-58.9024708589264;33.6719707893208;2250
UYBU;-30.2536390739188;-57.6025202890023;74.4691751580685;2250
UYCL;-32.3657378436183;-54.2140278443248;134.674100792967;2250
UYCO;-34.4629853902536;-57.8353823044295;49.3385052280501;2250
UYDU;-33.3158833096597;-55.6024351835707;164.907640112564;2250
UYFD;-34.096690380769;-56.189368702748;88.0014258921146;2250
UYFS;-33.5159785722061;-56.8868973853648;165.531005410478;2250
UYIF;-34.9459881563006;-55.9327501630094;55.9356911713257;2250
UYLA;-34.3627728813536;-55.2487909140326;148.348362009041;2250
UYLP;-34.6557001230516;-54.1420976785288;20.1255853716284;2250
UYMA;-34.8629986680418;-55.0860229494285;39.0321589875966;2250
UYMO;-34.8883165980226;-56.2598831921302;158.103367152624;2250
UYNI;-20.4659427120103;-66.8259564947901;3709.92680919264;2250
UYPA;-32.291247855003;-58.067189162391;71.8319282317534;2250
UYPT;-32.8005592474025;-56.5098170521301;91.1196186291054;2250
UYRB;-32.6073007902749;-53.4046995792467;32.3063593618572;2250
UYRI;-30.8957604282709;-55.5591150877648;251.576378964819;2250
UYRO;-34.0010032242273;-53.5548263608949;58.9769604587927;2228
UYRV;-31.7723882162523;-54.6881155667982;274.371625094675;2250
UYSA;-31.375170126097;-57.9597806978892;79.0422649029642;2250
UYSG;-32.6174269354398;-55.8436050866167;107.411014215089;2250
UYSJ;-34.3237324815546;-56.7090958604513;55.3839859804139;2250
UYSO;-33.2612598938102;-58.0136183902503;80.7813683738932;2250
UYTA;-31.6830641851774;-55.937533920607;186.985313622281;2250
UYTD;-30.9462686357687;-57.5245019400397;75.6706858705729;2250
UYTT;-33.2412972363568;-54.380362765919;68.9409847026691;2250
VALL;10.4739679706956;-73.2519688919913;208.473803288303;2240
VALP;-33.0272412637658;-71.6260904330281;31.1838571093976;1855
VARG;-21.5426833702334;-45.4348758847007;958.635111384094;1564
VBCA;-38.7007662756621;-62.2692283080057;59.4715728964657;2250
VERA;10.8536186488808;-84.8690405076795;64.3140707835555;2250
VESL;-71.6737955371631;-2.84178272983087;862.34704847075;1719
VICO;-20.7614979488955;-42.8699903578122;665.945812759921;2250
VIL2;17.9904106348889;-92.931099491383;27.7411184692755;2250
VIVI;4.07466289403095;-73.5839941185494;407.249869990163;2249
VNDP;34.5563147153294;-120.616457787753;-11.5424215858802;2250
WARK;-36.4344061687981;174.66278054304;111.284951288253;2190
WES2;42.6133364946478;-71.4933303677972;84.9843995273113;2250
WHIT;60.7505097308731;-135.22211593714;1427.4250566056;2250
WILL;52.2368659456837;-122.167815751194;1095.69768962078;2250
WIND;-22.5749170973663;17.0894355008826;1734.67499108799;2250
WTZR;49.1442008300259;12.8789145073098;666.01459186431;2190
YAKT;62.0309581198466;129.680309307359;103.382887857966;2190
YAR2;-29.0465458090735;115.346983594762;241.27236835286;2190
YCBA;-22.0171018597505;-63.6799847312923;659.666127970442;2097
YEBE;40.5249030753619;-3.08862241177849;972.751627259888;2190
YELL;62.4808920665601;-114.480707584687;181.025637998246;2250
YEMA;-24.2807291242311;-61.2365065699962;185.526133551262;2250
YESX;28.3783355740809;-108.919639701836;1506.46174671035;2250
YOPA;5.32176275942194;-72.3889949645108;334.300625121221;2250
ZARZ;4.39657668110291;-76.0675670989214;954.473288381472;2247
ZECK;43.7883946501342;41.5650716098537;1166.30156950653;2190
ZIMM;46.8771000084324;7.46528117279412;956.345851955004;2190
